         1          1       4499
         1          1      38752
         1          1      47063
         1          1      50619
         1          1      55470
         1          1      63637
         1          1      64853
         1          1      66214
         1          1      72113
         1          1      76897
         1          1      78463
         1          1      84054
         2          2       5835
         2          2      30064
         2          2      51713
         2          2      73402
         3          3      32435
         3          3      46235
         3          3      52204
         3          3      53831
         3          3      58239
         3          3      59504
         3          3      60310
         3          3      62605
         4          4       2851
         4          4       4078
         4          4       4884
         4          4      17007
         4          4      30955
         4          4      33957
         4          4      40549
         4          4      42779
         4          4      43211
         4          4      53853
         4          4      54627
         4          4      55145
         4          4      76342
         4          4      78588
         4          4      81809
         4          4      86834
         4          4      89659
         4          4      90145
         4          4      97239
         5          5       8480
         5          5      11464
         5          5      30902
         5          5      38327
         5          5      63127
         5          5      95903
         5          5      96296
         5          5      99081
         6          6       6263
         6          6      11305
         6          6      14137
         6          6      17989
         6          6      43590
         6          6      63617
         6          6      70689
         6          6      81504
         6          6      90735
         7          7      14859
         7          7      20082
         7          7      22209
         7          7      40098
         7          7      41710
         7          7      41899
         7          7      44487
         7          7      45382
         7          7      56749
         7          7      81313
         7          7      83941
         7          7      85459
         8          8       5572
         8          8       6677
         8          8       9351
         8          8      16182
         8          8      32914
         8          8      37227
         8          8      38594
         8          8      44889
         8          8      57125
         8          8      63320
         8          8      69313
         8          8      96610
         9          9       3932
         9          9       5975
         9          9       8885
         9          9      36783
         9          9      38212
         9          9      45973
         9          9      76266
         9          9      84242
        10         10        674
        10         10       5425
        10         10       6003
        10         10      12368
        10         10      36005
        10         10      55834
        10         10      58240
        10         10      59586
        10         10      63001
        10         10      75431
        10         10      86647
        10         10      86859
        10         10      88217
        10         10      95105
        11         11        527
        11         11       3192
        11         11      10497
        11         11      10895
        11         11      14000
        11         11      19009
        11         11      20947
        11         11      23130
        11         11      27400
        11         11      46354
        11         11      61424
        12         12      11134
        12         12      35197
        12         12      43317
        12         12      60347
        13         13      13277
        13         13      74540
        13         13      98042
        13         13      98179
        13         13      98325
        14         14       4130
        14         14      17483
        14         14      18210
        14         14      18474
        14         14      22360
        14         14      29340
        14         14      37096
        14         14      49738
        14         14      59757
        14         14      73834
        14         14      77470
        14         14      80079
        14         14      84540
        14         14      84724
        15         15       2355
        15         15      11107
        15         15      11318
        15         15      12963
        15         15      14734
        15         15      18210
        15         15      19374
        15         15      19751
        15         15      58970
        15         15      60469
        15         15      60537
        15         15      60731
        15         15      67845
        15         15      73442
        15         15      81928
        15         15      84498
        15         15      91693
        15         15      93486
        16         16      12088
        16         16      13113
        16         16      37106
        16         16      41015
        16         16      57335
        16         16      61861
        16         16      77052
        17         17        132
        17         17      11062
        17         17      21232
        17         17      56008
        17         17      68972
        17         17      79758
        17         17      80169
        17         17      92069
        18         18       3320
        18         18       4967
        18         18      16633
        18         18      24794
        18         18      28297
        18         18      36453
        18         18      39937
        18         18      41212
        18         18      45163
        18         18      54060
        18         18      58703
        18         18      67419
        19         19       1284
        19         19       5011
        19         19      47081
        19         19      76950
        19         19      85384
        19         19      95653
        19         19      96613
        20         20      33208
        20         20      45370
        20         20      45918
        20         20      69839
        20         20      74213
        20         20      93551
        21         21       2109
        21         21      26575
        21         21      79646
        21         21      97254
        22         22        571
        22         22      16923
        22         22      25581
        22         22      36840
        22         22      42532
        22         22      64910
        22         22      73814
        22         22      74778
        22         22      94288
        22         22      96439
        23         23       2858
        23         23      12597
        23         23      40582
        23         23      48944
        23         23      57602
        23         23      73654
        23         23      81197
        23         23      87661
        23         23      90696
        23         23      91446
        23         23      98430
        24         24       1081
        24         24      15057
        24         24      19617
        24         24      27889
        24         24      29014
        24         24      41713
        24         24      44371
        24         24      47297
        24         24      47534
        24         24      50270
        24         24      68992
        24         24      68993
        24         24      81900
        24         24      83663
        24         24      84447
        25         25      15757
        25         25      28371
        25         25      33742
        25         25      44198
        25         25      45902
        25         25      48831
        25         25      58496
        25         25      75590
        25         25      79556
        25         25      83392
        25         25      83650
        25         25      92393
        26         26       1735
        26         26      33771
        26         26      41387
        26         26      53866
        26         26      57878
        26         26      59961
        26         26      63098
        26         26      87641
        27         27       3690
        27         27       4582
        27         27      31210
        27         27      35054
        27         27      43978
        27         27      49957
        27         27      52761
        27         27      58576
        27         27      61888
        27         27      63003
        27         27      63833
        27         27      65480
        27         27      78283
        27         27      85674
        28         28      10331
        28         28      25200
        28         28      56451
        28         28      65353
        28         28      82378
        29         29       3766
        29         29       5602
        29         29      13875
        29         29      19705
        29         29      34688
        29         29      41602
        29         29      42653
        29         29      52980
        29         29      53485
        29         29      56300
        29         29      65988
        29         29      85508
        29         29      93227
        30         30      19081
        30         30      29387
        30         30      62510
        31         31        908
        31         31       5517
        31         31       7061
        31         31       7349
        31         31      16505
        31         31      25418
        31         31      35036
        31         31      62132
        31         31      83696
        31         31      94713
        32         32       3484
        32         32      19953
        32         32      28245
        32         32      30553
        32         32      39684
        32         32      42814
        32         32      43819
        32         32      56569
        32         32      60429
        32         32      61220
        32         32      87518
        32         32      97763
        33         33       1859
        33         33      22848
        33         33      26602
        33         33      50089
        33         33      71768
        33         33      72511
        33         33      80108
        34         34        835
        34         34       4049
        34         34      10700
        34         34      10907
        34         34      25510
        34         34      30213
        34         34      32947
        34         34      44058
        34         34      83049
        34         34      88257
        35         35      32146
        35         35      63415
        36         36       5420
        36         36      13840
        36         36      25379
        36         36      28125
        36         36      28653
        36         36      88006
        36         36      95011
        37         37      22950
        37         37      44809
        37         37      45867
        37         37      56031
        37         37      57979
        37         37      61937
        37         37      78216
        37         37      82253
        37         37      83263
        37         37      88770
        37         37      98278
        38         38      12438
        38         38      19380
        38         38      25387
        38         38      26954
        38         38      27962
        38         38      51496
        38         38      59644
        38         38      61367
        38         38      66582
        38         38      71739
        38         38      80252
        38         38      89671
        38         38      92808
        38         38      94284
        38         38      95905
        39         39       6144
        39         39      12359
        39         39      37876
        39         39      44072
        39         39      49957
        39         39      51651
        39         39      59527
        39         39      98471
        40         40      20947
        40         40      26933
        40         40      41079
        40         40      76367
        41         41      16218
        41         41      47485
        41         41      65296
        41         41      81662
        41         41      83712
        41         41      95261
        42         42      16178
        42         42      25782
        42         42      27909
        42         42      30981
        42         42      35302
        42         42      38796
        42         42      73702
        43         43      13191
        43         43      30231
        43         43      34680
        43         43      51532
        43         43      59743
        43         43      64982
        43         43      66219
        43         43      82260
        43         43      86557
        43         43      98010
        44         44      22215
        44         44      30703
        44         44      36652
        44         44      72885
        44         44      74010
        44         44      77222
        45         45       7423
        45         45      33752
        45         45      52676
        45         45      52738
        45         45      56505
        45         45      60268
        45         45      63696
        45         45      82164
        45         45      89549
        45         45      98921
        46         46      13428
        46         46      20104
        46         46      26597
        46         46      45370
        46         46      45918
        46         46      52606
        46         46      56003
        46         46      69839
        46         46      72265
        46         46      72853
        46         46      83829
        46         46      85304
        46         46      93361
        46         46      93551
        46         46      97495
        46         46      98964
        47         47      21508
        47         47      21723
        47         47      24550
        47         47      32355
        47         47      32413
        47         47      43110
        47         47      46412
        47         47      49300
        47         47      52079
        47         47      63998
        47         47      64052
        47         47      68510
        47         47      71898
        47         47      74591
        48         48       1526
        48         48       3479
        48         48      32842
        48         48      38537
        48         48      45678
        48         48      67137
        48         48      77375
        48         48      78402
        48         48      82803
        48         48      82970
        48         48      83532
        48         48      86440
        48         48      92334
        48         48      97573
        49         49      19358
        49         49      25653
        49         49      32469
        49         49      35039
        49         49      51111
        49         49      65469
        49         49      70647
        49         49      73081
        49         49      92258
        50         50      19256
        50         50      19379
        50         50      35921
        50         50      39040
        50         50      42515
        50         50      48564
        50         50      56182
        50         50      69072
        50         50      77280
        50         50      84693
